0.000 0 0.514 0.200 0.665 0.469 detection
0.040 1 0.514 0.190 0.667 0.463 backward
0.080 1 0.521 0.192 0.678 0.471 backward
0.120 1 0.516 0.194 0.672 0.471 backward
0.160 1 0.515 0.196 0.668 0.469 backward
0.200 1 0.514 0.198 0.664 0.465 backward
0.240 1 0.515 0.202 0.661 0.463 backward
0.280 1 0.506 0.200 0.654 0.467 backward
0.320 1 0.502 0.200 0.652 0.465 backward
0.360 1 0.493 0.196 0.646 0.469 backward
0.400 1 0.488 0.200 0.639 0.469 backward
0.440 1 0.487 0.200 0.638 0.469 backward
0.480 1 0.480 0.200 0.631 0.469 detection
0.520 1 0.473 0.198 0.623 0.465 forward+backward
0.560 1 0.470 0.198 0.619 0.465 forward+backward
0.600 1 0.467 0.196 0.617 0.465 forward+backward
0.640 1 0.465 0.194 0.616 0.463 forward+backward
0.680 1 0.464 0.192 0.616 0.463 forward+backward
0.720 1 0.466 0.188 0.616 0.456 forward+backward
0.760 1 0.467 0.185 0.614 0.448 forward+backward
0.800 1 0.465 0.177 0.614 0.444 forward+backward
0.840 1 0.464 0.175 0.613 0.442 forward+backward
0.880 1 0.466 0.175 0.613 0.438 forward+backward
0.920 1 0.466 0.173 0.616 0.440 forward+backward
0.960 1 0.464 0.171 0.614 0.440 detection
1.000 1 0.464 0.185 0.617 0.456 forward+backward
1.040 1 0.472 0.190 0.623 0.458 forward+backward
1.080 1 0.474 0.194 0.624 0.460 forward+backward
1.120 1 0.481 0.196 0.633 0.467 forward+backward
1.160 1 0.486 0.200 0.637 0.469 forward+backward
1.200 1 0.491 0.202 0.641 0.471 forward+backward
1.240 1 0.492 0.204 0.641 0.471 forward+backward
1.280 1 0.496 0.202 0.645 0.467 forward+backward
1.320 1 0.492 0.200 0.640 0.465 forward+backward
1.360 1 0.493 0.198 0.640 0.463 forward+backward
1.400 1 0.486 0.194 0.636 0.458 forward+backward
1.440 1 0.480 0.200 0.631 0.469 detection
1.480 1 0.477 0.196 0.629 0.465 forward+backward
1.520 1 0.473 0.196 0.623 0.463 forward+backward
1.560 1 0.470 0.198 0.617 0.460 forward+backward
1.600 1 0.464 0.194 0.614 0.463 forward+backward
1.640 1 0.458 0.194 0.607 0.463 forward+backward
1.680 1 0.454 0.194 0.607 0.467 forward+backward
1.720 1 0.452 0.194 0.604 0.465 forward+backward
1.760 1 0.456 0.196 0.606 0.465 forward+backward
1.800 1 0.458 0.194 0.607 0.463 forward+backward
1.840 1 0.459 0.196 0.610 0.465 forward+backward
1.880 1 0.460 0.198 0.610 0.467 forward+backward
1.920 1 0.464 0.200 0.614 0.469 detection
1.960 1 0.465 0.202 0.617 0.473 forward
2.000 1 0.466 0.208 0.617 0.477 forward
2.040 1 0.467 0.212 0.617 0.479 forward
2.080 1 0.468 0.215 0.619 0.483 forward
2.120 1 0.470 0.215 0.620 0.485 forward
2.160 1 0.473 0.221 0.623 0.487 forward
2.200 1 0.477 0.229 0.626 0.496 forward
2.240 1 0.474 0.231 0.629 0.506 forward
2.280 1 0.478 0.237 0.633 0.515 forward
2.360 2 0.422 0.190 0.574 0.460 backward
2.400 2 0.414 0.200 0.564 0.469 detection
2.440 2 0.415 0.202 0.567 0.473 forward+backward
2.480 2 0.411 0.210 0.561 0.477 forward+backward
2.520 2 0.410 0.210 0.560 0.477 forward+backward
2.560 2 0.407 0.210 0.554 0.473 forward+backward
2.600 2 0.410 0.208 0.558 0.475 forward+backward
2.640 2 0.404 0.208 0.553 0.473 forward+backward
2.680 2 0.404 0.206 0.554 0.473 forward+backward
2.720 2 0.398 0.206 0.548 0.473 forward+backward
2.760 2 0.395 0.204 0.547 0.475 forward+backward
2.800 2 0.387 0.204 0.537 0.473 forward+backward
2.840 2 0.386 0.200 0.537 0.471 forward+backward
2.880 2 0.380 0.200 0.530 0.469 detection
2.920 2 0.375 0.194 0.526 0.463 forward+backward
2.960 2 0.373 0.196 0.523 0.465 forward+backward
3.000 2 0.364 0.194 0.518 0.467 forward+backward
3.040 2 0.366 0.190 0.519 0.463 forward+backward
3.080 2 0.360 0.190 0.509 0.456 forward+backward
3.120 2 0.357 0.185 0.509 0.456 forward+backward
3.160 2 0.352 0.188 0.501 0.454 forward+backward
3.200 2 0.347 0.183 0.494 0.446 forward+backward
3.240 2 0.339 0.177 0.488 0.446 forward+backward
3.280 2 0.334 0.177 0.484 0.444 forward+backward
3.320 2 0.329 0.177 0.478 0.442 forward+backward
3.360 2 0.329 0.171 0.480 0.440 detection
3.400 2 0.333 0.177 0.475 0.429 forward+backward
3.440 2 0.332 0.177 0.474 0.429 forward+backward
3.480 2 0.335 0.177 0.479 0.433 forward+backward
3.520 2 0.340 0.175 0.484 0.431 forward+backward
3.560 2 0.342 0.177 0.485 0.429 forward+backward
3.600 2 0.352 0.177 0.492 0.429 forward+backward
3.640 2 0.355 0.179 0.495 0.429 forward+backward
3.680 2 0.361 0.179 0.502 0.431 forward+backward
3.720 2 0.371 0.181 0.511 0.429 forward+backward
3.760 2 0.381 0.181 0.520 0.429 forward+backward
3.800 2 0.389 0.183 0.527 0.427 forward+backward
3.840 2 0.400 0.192 0.526 0.415 detection
3.880 2 0.397 0.188 0.536 0.433 forward+backward
3.920 2 0.404 0.185 0.543 0.433 forward+backward
3.960 2 0.411 0.181 0.553 0.431 forward+backward
4.000 2 0.422 0.185 0.561 0.433 forward+backward
4.040 2 0.428 0.183 0.569 0.433 forward+backward
4.080 2 0.436 0.188 0.576 0.435 forward+backward
4.120 2 0.439 0.190 0.576 0.433 forward+backward
4.160 2 0.439 0.190 0.576 0.431 forward+backward
4.200 2 0.436 0.183 0.574 0.429 forward+backward
4.240 2 0.431 0.181 0.568 0.425 forward+backward
4.280 2 0.428 0.177 0.564 0.421 forward+backward
4.320 2 0.414 0.171 0.564 0.440 detection
4.360 2 0.407 0.173 0.556 0.440 forward
4.400 2 0.402 0.171 0.553 0.440 forward
4.440 2 0.395 0.171 0.549 0.444 forward
4.480 2 0.389 0.171 0.544 0.448 forward
4.520 2 0.383 0.171 0.540 0.450 forward
4.560 2 0.379 0.173 0.535 0.452 forward
4.600 2 0.371 0.173 0.530 0.456 forward
4.640 2 0.367 0.175 0.526 0.456 forward
4.680 2 0.362 0.173 0.523 0.458 forward
4.720 3 0.805 0.042 0.930 0.267 backward
4.760 3 0.805 0.042 0.930 0.267 backward
4.800 3 0.805 0.042 0.930 0.267 detection
4.840 3 0.805 0.042 0.930 0.267 forward
4.880 3 0.805 0.042 0.930 0.267 forward
4.920 3 0.803 0.044 0.923 0.263 forward
4.960 3 0.808 0.046 0.929 0.265 forward
5.000 3 0.804 0.048 0.925 0.267 forward
5.040 3 0.803 0.044 0.925 0.267 forward
5.080 3 0.800 0.042 0.925 0.267 forward
5.120 3 0.799 0.042 0.924 0.267 forward
5.160 3 0.798 0.042 0.924 0.267 forward
5.200 3 0.798 0.042 0.923 0.267 forward
5.240 3 0.794 0.042 0.918 0.265 forward
5.280 3 0.797 0.042 0.921 0.267 forward
5.320 3 0.793 0.044 0.916 0.265 forward
5.360 3 0.794 0.044 0.919 0.269 forward
5.400 3 0.792 0.046 0.914 0.267 forward
5.440 3 0.794 0.046 0.917 0.267 forward
5.480 3 0.792 0.044 0.916 0.269 forward
5.520 3 0.791 0.044 0.916 0.269 forward
5.560 3 0.790 0.044 0.915 0.269 forward
5.600 3 0.790 0.044 0.914 0.269 forward
5.640 3 0.789 0.044 0.914 0.269 forward
5.680 3 0.784 0.042 0.910 0.269 forward
5.720 3 0.787 0.042 0.912 0.269 forward
5.760 3 0.787 0.042 0.912 0.269 forward
5.800 3 0.786 0.042 0.912 0.269 forward
5.840 3 0.785 0.042 0.911 0.269 forward
5.880 3 0.785 0.042 0.910 0.269 forward
5.920 3 0.784 0.042 0.910 0.269 forward
5.960 3 0.778 0.040 0.907 0.269 forward
6.000 3 0.780 0.040 0.908 0.269 forward
6.040 3 0.776 0.037 0.905 0.271 forward
6.080 3 0.782 0.040 0.909 0.271 forward
6.120 3 0.778 0.040 0.907 0.269 forward
6.160 3 0.778 0.040 0.905 0.269 forward
6.200 3 0.773 0.040 0.903 0.271 forward
6.240 3 0.780 0.044 0.904 0.269 forward
6.280 3 0.777 0.044 0.902 0.269 forward
6.320 3 0.777 0.044 0.902 0.269 forward
6.360 3 0.772 0.042 0.898 0.269 forward
6.400 3 0.778 0.046 0.902 0.269 forward
6.440 3 0.777 0.046 0.901 0.269 forward
6.480 3 0.776 0.044 0.901 0.269 forward
6.520 3 0.773 0.046 0.896 0.267 forward
6.560 3 0.779 0.046 0.902 0.267 forward
6.600 3 0.776 0.046 0.900 0.267 forward
6.640 3 0.776 0.044 0.900 0.267 forward
6.680 3 0.777 0.042 0.903 0.269 forward
5.040 4 0.383 0.185 0.470 0.344 backward
5.080 4 0.380 0.181 0.466 0.340 backward
5.120 4 0.377 0.179 0.465 0.338 backward
5.160 4 0.374 0.181 0.460 0.338 backward
5.200 4 0.374 0.181 0.458 0.333 backward
5.240 4 0.367 0.181 0.454 0.338 backward
5.280 4 0.364 0.183 0.451 0.340 detection
5.320 4 0.366 0.183 0.446 0.329 forward+backward
5.360 4 0.362 0.188 0.442 0.329 forward+backward
5.400 4 0.360 0.190 0.439 0.331 forward+backward
5.440 4 0.356 0.192 0.436 0.335 forward+backward
5.480 4 0.355 0.190 0.436 0.335 forward+backward
5.520 4 0.352 0.192 0.432 0.338 forward+backward
5.560 4 0.349 0.192 0.430 0.338 forward+backward
5.600 4 0.349 0.194 0.430 0.338 forward+backward
5.640 4 0.348 0.194 0.428 0.338 forward+backward
5.680 4 0.348 0.194 0.429 0.340 forward+backward
5.720 4 0.348 0.196 0.429 0.340 forward+backward
5.760 4 0.352 0.196 0.424 0.325 detection
5.800 4 0.349 0.194 0.423 0.325 forward+backward
5.840 4 0.349 0.194 0.423 0.325 forward+backward
5.880 4 0.349 0.194 0.422 0.325 forward+backward
5.920 4 0.350 0.194 0.423 0.325 forward+backward
5.960 4 0.350 0.194 0.423 0.323 forward+backward
6.000 4 0.352 0.196 0.423 0.325 forward+backward
6.040 4 0.352 0.196 0.423 0.325 forward+backward
6.080 4 0.352 0.198 0.423 0.325 forward+backward
6.120 4 0.353 0.200 0.424 0.325 forward+backward
6.160 4 0.353 0.198 0.424 0.325 forward+backward
6.200 4 0.354 0.198 0.424 0.325 forward+backward
6.240 4 0.352 0.196 0.424 0.325 detection
6.280 4 0.353 0.196 0.425 0.325 forward+backward
6.320 4 0.353 0.196 0.425 0.325 forward+backward
6.360 4 0.350 0.196 0.424 0.325 forward+backward
6.400 4 0.354 0.196 0.428 0.327 forward+backward
6.440 4 0.352 0.196 0.425 0.327 forward+backward
6.480 4 0.353 0.196 0.428 0.327 forward+backward
6.520 4 0.353 0.194 0.428 0.327 forward+backward
6.560 4 0.353 0.196 0.428 0.329 forward+backward
6.600 4 0.353 0.196 0.426 0.327 forward+backward
6.640 4 0.353 0.196 0.426 0.327 forward+backward
6.680 4 0.350 0.196 0.424 0.327 forward+backward
6.720 4 0.352 0.196 0.424 0.325 detection
6.760 4 0.350 0.194 0.423 0.323 forward+backward
6.800 4 0.349 0.196 0.421 0.323 forward+backward
6.840 4 0.346 0.196 0.418 0.325 forward+backward
6.880 4 0.343 0.196 0.415 0.325 forward+backward
6.920 4 0.342 0.196 0.414 0.323 forward+backward
6.960 4 0.338 0.194 0.410 0.325 forward+backward
7.000 4 0.335 0.196 0.408 0.325 forward+backward
7.040 4 0.333 0.198 0.405 0.325 forward+backward
7.080 4 0.332 0.196 0.404 0.327 forward+backward
7.120 4 0.328 0.198 0.401 0.325 forward+backward
7.160 4 0.329 0.196 0.403 0.327 forward+backward
7.200 4 0.327 0.196 0.400 0.325 detection
7.240 4 0.327 0.196 0.401 0.325 forward
7.280 4 0.328 0.196 0.402 0.327 forward
7.320 4 0.333 0.200 0.405 0.329 forward
7.360 4 0.333 0.198 0.414 0.340 forward+backward
7.400 4 0.336 0.204 0.416 0.346 forward+backward
7.440 4 0.343 0.212 0.424 0.356 forward+backward
7.480 4 0.350 0.219 0.432 0.362 forward+backward
7.520 4 0.359 0.225 0.440 0.369 forward+backward
7.560 4 0.367 0.225 0.447 0.369 forward+backward
7.600 4 0.374 0.223 0.456 0.367 forward+backward
7.640 4 0.381 0.225 0.463 0.369 forward+backward
7.680 4 0.383 0.219 0.471 0.373 detection
7.720 4 0.387 0.217 0.473 0.371 forward
7.760 4 0.389 0.215 0.477 0.371 forward
7.800 4 0.393 0.217 0.479 0.371 forward
7.840 4 0.390 0.215 0.479 0.371 forward
7.880 4 0.388 0.217 0.477 0.371 forward
7.920 4 0.389 0.219 0.478 0.375 forward
7.960 4 0.387 0.221 0.474 0.377 forward
6.000 5 0.446 0.417 0.528 0.560 backward
6.040 5 0.444 0.417 0.526 0.562 backward
6.080 5 0.445 0.415 0.529 0.562 backward
6.120 5 0.449 0.412 0.532 0.560 backward
6.160 5 0.447 0.410 0.532 0.558 backward
6.200 5 0.451 0.408 0.534 0.556 backward
6.240 5 0.449 0.406 0.533 0.556 backward
6.280 5 0.453 0.408 0.537 0.558 backward
6.320 5 0.450 0.408 0.535 0.560 backward
6.360 5 0.452 0.404 0.537 0.558 backward
6.400 5 0.459 0.406 0.544 0.558 backward
6.440 5 0.463 0.400 0.549 0.554 backward
6.480 5 0.470 0.400 0.556 0.552 backward
6.520 5 0.475 0.398 0.560 0.550 backward
6.560 5 0.481 0.400 0.568 0.552 backward
6.600 5 0.488 0.400 0.574 0.554 backward
6.640 5 0.494 0.402 0.581 0.556 backward
6.680 5 0.501 0.408 0.588 0.562 backward
6.720 5 0.509 0.408 0.597 0.565 detection
6.760 5 0.521 0.404 0.607 0.556 forward+backward
6.800 5 0.533 0.406 0.617 0.558 forward+backward
6.840 5 0.542 0.406 0.629 0.560 forward+backward
6.880 5 0.553 0.400 0.639 0.552 forward+backward
6.920 5 0.562 0.396 0.648 0.550 forward+backward
6.960 5 0.572 0.388 0.660 0.544 forward+backward
7.000 5 0.583 0.383 0.671 0.542 forward+backward
7.040 5 0.592 0.385 0.679 0.540 forward+backward
7.080 5 0.598 0.385 0.686 0.542 forward+backward
7.120 5 0.604 0.383 0.693 0.542 forward+backward
7.160 5 0.603 0.381 0.693 0.542 forward+backward
7.200 5 0.606 0.373 0.694 0.529 detection
7.240 5 0.606 0.371 0.694 0.527 forward
7.280 5 0.606 0.371 0.695 0.529 forward
7.320 5 0.603 0.371 0.693 0.529 forward
7.360 5 0.604 0.373 0.693 0.531 forward
7.400 5 0.599 0.373 0.687 0.529 forward
8.000 6 0.166 0.104 0.215 0.196 backward
8.040 6 0.166 0.104 0.215 0.196 backward
8.080 6 0.166 0.104 0.215 0.196 backward
8.120 6 0.166 0.104 0.215 0.196 backward
8.160 6 0.166 0.104 0.215 0.196 backward
8.200 6 0.166 0.104 0.215 0.196 backward
8.240 6 0.166 0.104 0.215 0.196 backward
8.280 6 0.166 0.104 0.215 0.196 backward
8.320 6 0.166 0.104 0.215 0.196 backward
8.360 6 0.166 0.104 0.215 0.196 backward
8.400 6 0.166 0.104 0.215 0.196 backward
8.440 6 0.166 0.104 0.215 0.196 backward
8.480 6 0.166 0.104 0.215 0.196 backward
8.520 6 0.166 0.104 0.215 0.196 backward
8.560 6 0.166 0.104 0.215 0.196 backward
8.600 6 0.166 0.104 0.215 0.196 backward
8.640 6 0.166 0.104 0.215 0.196 backward
8.680 6 0.166 0.104 0.215 0.196 backward
8.720 6 0.166 0.104 0.215 0.196 backward
8.760 6 0.166 0.104 0.215 0.196 backward
8.800 6 0.166 0.104 0.215 0.196 backward
8.840 6 0.166 0.104 0.215 0.196 backward
8.880 6 0.166 0.104 0.215 0.196 backward
8.920 6 0.166 0.104 0.215 0.196 backward
8.960 6 0.166 0.104 0.215 0.196 backward
9.000 6 0.166 0.104 0.215 0.196 backward
9.040 6 0.166 0.104 0.215 0.196 backward
9.080 6 0.166 0.104 0.215 0.196 backward
9.120 6 0.166 0.104 0.215 0.196 backward
9.160 6 0.166 0.104 0.215 0.196 backward
9.200 6 0.166 0.104 0.215 0.196 backward
9.240 6 0.166 0.104 0.215 0.196 backward
9.280 6 0.166 0.104 0.215 0.196 backward
9.320 6 0.166 0.104 0.215 0.196 backward
9.360 6 0.166 0.104 0.215 0.196 backward
9.400 6 0.166 0.104 0.215 0.196 backward
9.440 6 0.166 0.104 0.215 0.196 backward
9.480 6 0.166 0.104 0.215 0.196 backward
9.520 6 0.166 0.104 0.215 0.196 backward
9.560 6 0.166 0.104 0.215 0.196 backward
9.600 6 0.166 0.104 0.215 0.196 backward
9.640 6 0.166 0.104 0.215 0.196 backward
9.680 6 0.166 0.104 0.215 0.196 backward
9.720 6 0.166 0.104 0.215 0.196 backward
9.760 6 0.166 0.104 0.215 0.196 backward
9.800 6 0.166 0.104 0.215 0.196 backward
9.840 6 0.165 0.104 0.215 0.196 backward
9.880 6 0.166 0.104 0.215 0.196 backward
9.920 6 0.165 0.104 0.215 0.196 backward
9.960 6 0.165 0.104 0.215 0.196 backward
10.000 6 0.166 0.104 0.215 0.196 backward
10.040 6 0.165 0.104 0.215 0.196 backward
10.080 6 0.165 0.104 0.215 0.196 backward
10.120 6 0.165 0.104 0.215 0.196 backward
10.160 6 0.166 0.104 0.215 0.196 backward
10.200 6 0.166 0.104 0.215 0.196 backward
10.240 6 0.166 0.104 0.215 0.196 backward
10.280 6 0.166 0.104 0.215 0.196 backward
10.320 6 0.166 0.104 0.215 0.196 backward
10.360 6 0.166 0.104 0.215 0.196 backward
10.400 6 0.166 0.104 0.215 0.196 backward
10.440 6 0.166 0.106 0.215 0.196 backward
10.480 6 0.164 0.104 0.214 0.196 backward
10.520 6 0.166 0.104 0.216 0.196 backward
10.560 6 0.165 0.104 0.215 0.196 detection
10.600 6 0.164 0.104 0.214 0.196 forward
10.640 6 0.164 0.104 0.214 0.196 forward
10.680 6 0.160 0.104 0.210 0.196 forward
10.720 6 0.159 0.104 0.209 0.198 forward
10.760 6 0.157 0.104 0.207 0.198 forward
10.800 6 0.155 0.106 0.206 0.198 forward
10.840 6 0.152 0.108 0.202 0.198 forward
10.880 6 0.150 0.110 0.199 0.200 forward
10.920 6 0.147 0.108 0.196 0.198 forward
10.960 6 0.145 0.110 0.194 0.200 forward
11.000 6 0.141 0.110 0.190 0.200 forward
11.040 6 0.138 0.108 0.187 0.200 forward
11.080 6 0.134 0.110 0.185 0.200 forward
11.120 6 0.131 0.110 0.181 0.202 forward
11.160 6 0.129 0.113 0.178 0.202 forward
11.200 6 0.123 0.110 0.173 0.202 forward
11.240 6 0.119 0.113 0.169 0.202 forward
11.280 6 0.114 0.113 0.164 0.204 forward
11.320 6 0.111 0.113 0.160 0.202 forward
11.360 6 0.105 0.113 0.155 0.204 forward
11.400 6 0.100 0.115 0.151 0.204 forward
11.440 6 0.095 0.113 0.144 0.204 forward
11.480 6 0.089 0.115 0.138 0.204 forward
11.520 6 0.081 0.113 0.131 0.204 forward
11.560 6 0.074 0.115 0.124 0.204 forward
11.600 6 0.067 0.115 0.117 0.206 forward
11.640 6 0.060 0.115 0.109 0.204 forward
11.680 6 0.053 0.115 0.102 0.206 forward
11.720 6 0.044 0.117 0.093 0.206 forward
11.760 6 0.036 0.115 0.085 0.204 forward
11.800 6 0.027 0.117 0.076 0.206 forward
11.840 6 0.018 0.117 0.067 0.208 forward
11.880 6 0.008 0.119 0.058 0.208 forward
11.920 6 0.000 0.117 0.049 0.208 forward
11.960 6 -0.008 0.119 0.041 0.208 forward
12.000 6 -0.016 0.119 0.033 0.208 forward
12.040 6 -0.025 0.119 0.025 0.208 forward
12.080 6 -0.030 0.119 0.019 0.208 forward
8.600 7 0.346 0.215 0.388 0.290 backward
8.640 7 0.347 0.212 0.389 0.287 detection
8.680 7 0.348 0.210 0.390 0.285 forward
8.720 7 0.345 0.208 0.387 0.283 forward
8.760 7 0.350 0.202 0.391 0.275 backward
8.800 7 0.349 0.200 0.390 0.273 backward
8.840 7 0.350 0.198 0.391 0.273 backward
8.880 7 0.350 0.196 0.393 0.269 backward
8.920 7 0.352 0.194 0.394 0.269 backward
8.960 7 0.352 0.192 0.394 0.267 backward
9.000 7 0.354 0.192 0.395 0.265 backward
9.040 7 0.356 0.188 0.398 0.263 backward
9.080 7 0.357 0.185 0.401 0.263 backward
9.120 7 0.361 0.188 0.403 0.263 detection
9.160 7 0.366 0.188 0.408 0.263 forward+backward
9.200 7 0.371 0.190 0.412 0.263 forward+backward
9.240 7 0.376 0.190 0.418 0.265 forward+backward
9.280 7 0.381 0.192 0.423 0.267 forward+backward
9.320 7 0.388 0.190 0.429 0.265 forward+backward
9.360 7 0.393 0.190 0.435 0.263 forward+backward
9.400 7 0.397 0.188 0.439 0.263 forward+backward
9.440 7 0.402 0.185 0.444 0.263 forward+backward
9.480 7 0.407 0.188 0.449 0.263 forward+backward
9.520 7 0.410 0.190 0.451 0.263 forward+backward
9.560 7 0.412 0.188 0.454 0.260 forward+backward
9.600 7 0.417 0.188 0.459 0.263 detection
9.640 7 0.421 0.185 0.463 0.260 forward+backward
9.680 7 0.424 0.185 0.466 0.260 forward+backward
9.720 7 0.428 0.185 0.468 0.260 forward+backward
9.760 7 0.431 0.188 0.472 0.263 forward+backward
9.800 7 0.435 0.190 0.477 0.263 forward+backward
9.840 7 0.439 0.192 0.479 0.263 forward+backward
9.880 7 0.443 0.194 0.484 0.267 forward+backward
9.920 7 0.446 0.198 0.487 0.271 forward+backward
9.960 7 0.450 0.198 0.491 0.273 forward+backward
10.000 7 0.452 0.198 0.494 0.273 forward+backward
10.040 7 0.454 0.194 0.498 0.271 forward+backward
10.080 7 0.458 0.190 0.501 0.267 forward+backward
10.120 7 0.460 0.185 0.505 0.263 forward+backward
10.160 7 0.464 0.181 0.508 0.260 forward+backward
10.200 7 0.468 0.183 0.512 0.260 forward+backward
10.240 7 0.472 0.181 0.515 0.260 forward+backward
10.280 7 0.475 0.181 0.520 0.258 forward+backward
10.320 7 0.481 0.181 0.525 0.258 forward+backward
10.360 7 0.486 0.181 0.530 0.258 forward+backward
10.400 7 0.492 0.181 0.535 0.258 forward+backward
10.440 7 0.498 0.179 0.541 0.256 forward+backward
10.480 7 0.505 0.179 0.549 0.258 forward+backward
10.520 7 0.513 0.179 0.556 0.256 forward+backward
10.560 7 0.520 0.179 0.562 0.254 detection
10.600 7 0.526 0.179 0.570 0.256 forward
10.640 7 0.534 0.183 0.576 0.258 forward
10.680 7 0.540 0.185 0.583 0.260 forward
10.720 7 0.546 0.185 0.589 0.263 forward
10.760 7 0.551 0.183 0.595 0.260 forward
10.800 7 0.556 0.183 0.598 0.260 forward
10.840 7 0.558 0.181 0.604 0.263 forward+backward
10.880 7 0.563 0.181 0.609 0.265 forward+backward
10.920 7 0.568 0.181 0.613 0.265 forward+backward
10.960 7 0.572 0.181 0.618 0.265 forward+backward
11.000 7 0.575 0.179 0.620 0.263 forward+backward
11.040 7 0.578 0.179 0.624 0.263 forward+backward
11.080 7 0.582 0.181 0.627 0.265 forward+backward
11.120 7 0.585 0.183 0.631 0.267 forward+backward
11.160 7 0.585 0.185 0.631 0.269 forward+backward
11.200 7 0.589 0.188 0.634 0.271 forward+backward
11.240 7 0.589 0.190 0.634 0.273 forward+backward
11.280 7 0.591 0.192 0.637 0.275 forward+backward
11.320 7 0.590 0.194 0.636 0.277 forward+backward
11.360 7 0.591 0.196 0.637 0.277 forward+backward
11.400 7 0.589 0.198 0.636 0.279 forward+backward
11.440 7 0.589 0.196 0.636 0.279 forward+backward
11.480 7 0.588 0.194 0.633 0.277 forward+backward
11.520 7 0.586 0.194 0.632 0.277 forward+backward
11.560 7 0.585 0.194 0.631 0.277 forward+backward
11.600 7 0.583 0.194 0.630 0.277 forward+backward
11.640 7 0.582 0.196 0.627 0.279 forward+backward
11.680 7 0.579 0.194 0.625 0.279 forward+backward
11.720 7 0.577 0.194 0.624 0.279 forward+backward
11.760 7 0.575 0.196 0.621 0.279 forward+backward
11.800 7 0.571 0.196 0.617 0.279 forward+backward
11.840 7 0.567 0.196 0.613 0.281 forward+backward
11.880 7 0.562 0.198 0.609 0.283 forward+backward
11.920 7 0.558 0.198 0.604 0.283 forward+backward
11.960 7 0.554 0.200 0.600 0.283 forward+backward
12.000 7 0.550 0.198 0.597 0.283 forward+backward
12.040 7 0.544 0.200 0.591 0.285 forward+backward
12.080 7 0.540 0.202 0.588 0.285 forward+backward
12.120 7 0.535 0.202 0.583 0.287 forward+backward
12.160 7 0.530 0.204 0.577 0.290 forward+backward
12.200 7 0.526 0.204 0.572 0.290 forward+backward
12.240 7 0.522 0.204 0.569 0.290 forward+backward
12.280 7 0.519 0.206 0.565 0.292 forward+backward
12.320 7 0.516 0.206 0.563 0.292 forward+backward
12.360 7 0.513 0.208 0.561 0.294 forward+backward
12.400 7 0.511 0.208 0.557 0.294 forward+backward
12.440 7 0.507 0.208 0.555 0.294 forward+backward
12.480 7 0.505 0.206 0.553 0.294 forward+backward
12.520 7 0.502 0.208 0.550 0.294 forward+backward
12.560 7 0.499 0.206 0.547 0.294 forward+backward
12.600 7 0.496 0.206 0.544 0.294 forward+backward
12.640 7 0.494 0.208 0.542 0.296 forward+backward
12.680 7 0.491 0.210 0.539 0.296 forward+backward
12.720 7 0.487 0.210 0.536 0.298 forward+backward
12.760 7 0.484 0.210 0.532 0.296 forward+backward
12.800 7 0.481 0.210 0.529 0.298 forward+backward
12.840 7 0.479 0.210 0.528 0.298 forward+backward
12.880 7 0.478 0.210 0.526 0.296 forward+backward
12.920 7 0.477 0.208 0.525 0.294 forward+backward
12.960 7 0.473 0.204 0.523 0.296 detection
13.000 7 0.472 0.208 0.521 0.298 forward+backward
13.040 7 0.472 0.206 0.522 0.296 forward+backward
13.080 7 0.470 0.206 0.520 0.296 forward+backward
13.120 7 0.470 0.208 0.520 0.298 forward+backward
13.160 7 0.467 0.206 0.518 0.298 forward+backward
13.200 7 0.467 0.208 0.516 0.298 forward+backward
13.240 7 0.465 0.206 0.516 0.298 forward+backward
13.280 7 0.464 0.204 0.515 0.296 forward+backward
13.320 7 0.463 0.202 0.514 0.296 forward+backward
13.360 7 0.463 0.202 0.514 0.296 forward+backward
13.400 7 0.460 0.200 0.513 0.294 forward+backward
13.440 7 0.461 0.204 0.513 0.296 detection
13.480 7 0.460 0.204 0.512 0.296 forward
13.520 7 0.459 0.204 0.509 0.294 forward
13.560 7 0.461 0.204 0.512 0.294 forward
13.600 7 0.460 0.206 0.509 0.294 forward
13.640 7 0.457 0.206 0.507 0.296 forward
13.680 7 0.456 0.208 0.506 0.298 forward
13.720 7 0.454 0.210 0.504 0.298 forward
9.840 8 0.369 0.113 0.414 0.192 backward
9.880 8 0.368 0.115 0.412 0.192 backward
9.920 8 0.368 0.115 0.411 0.192 backward
9.960 8 0.368 0.115 0.411 0.192 backward
10.000 8 0.369 0.115 0.412 0.192 backward
10.040 8 0.367 0.113 0.410 0.192 backward
10.080 8 0.370 0.115 0.412 0.192 backward
10.120 8 0.369 0.115 0.411 0.192 backward
10.160 8 0.369 0.115 0.411 0.192 backward
10.200 8 0.369 0.115 0.412 0.192 backward
10.240 8 0.368 0.115 0.411 0.192 backward
10.280 8 0.369 0.115 0.412 0.192 backward
10.320 8 0.368 0.115 0.411 0.192 backward
10.360 8 0.368 0.115 0.411 0.192 backward
10.400 8 0.369 0.115 0.412 0.192 backward
10.440 8 0.368 0.115 0.411 0.192 backward
10.480 8 0.368 0.115 0.411 0.192 backward
10.520 8 0.369 0.115 0.412 0.192 backward
10.560 8 0.368 0.115 0.411 0.192 backward
10.600 8 0.368 0.117 0.411 0.192 backward
10.640 8 0.367 0.115 0.410 0.192 backward
10.680 8 0.366 0.117 0.408 0.192 backward
10.720 8 0.363 0.117 0.407 0.194 backward
10.760 8 0.361 0.117 0.404 0.192 backward
10.800 8 0.359 0.117 0.402 0.194 backward
10.840 8 0.356 0.119 0.398 0.194 backward
10.880 8 0.353 0.119 0.396 0.196 backward
10.920 8 0.349 0.117 0.393 0.194 backward
10.960 8 0.347 0.119 0.390 0.196 backward
11.000 8 0.345 0.119 0.387 0.196 backward
11.040 8 0.342 0.121 0.384 0.196 detection
11.080 8 0.339 0.121 0.381 0.196 forward
11.120 8 0.336 0.123 0.377 0.198 forward
11.160 8 0.333 0.121 0.375 0.196 forward
11.200 8 0.328 0.123 0.370 0.198 forward
11.240 8 0.325 0.123 0.366 0.198 forward
11.280 8 0.320 0.123 0.362 0.198 forward
11.320 8 0.317 0.123 0.357 0.198 forward
11.360 8 0.311 0.125 0.353 0.200 forward
11.400 8 0.306 0.125 0.348 0.200 forward
11.440 8 0.300 0.125 0.342 0.200 forward
11.480 8 0.294 0.125 0.336 0.200 forward
11.520 8 0.289 0.125 0.331 0.200 forward
11.560 8 0.283 0.125 0.325 0.200 forward
11.600 8 0.276 0.127 0.317 0.200 forward
11.640 8 0.268 0.129 0.310 0.204 forward
11.680 8 0.262 0.125 0.304 0.200 forward
11.720 8 0.255 0.127 0.297 0.202 forward
11.760 8 0.246 0.127 0.289 0.202 forward
11.800 8 0.238 0.129 0.280 0.202 forward
11.840 8 0.230 0.129 0.271 0.204 forward
11.880 8 0.222 0.131 0.263 0.204 forward
11.920 8 0.215 0.131 0.256 0.204 forward
11.960 8 0.207 0.131 0.248 0.204 forward
12.000 8 0.199 0.131 0.241 0.206 forward
12.040 8 0.193 0.131 0.234 0.204 forward
12.080 8 0.185 0.131 0.225 0.206 forward
12.120 8 0.176 0.133 0.218 0.206 forward
12.160 8 0.168 0.135 0.209 0.208 forward
12.200 8 0.162 0.133 0.203 0.206 forward
12.240 8 0.154 0.133 0.195 0.206 forward
11.520 9 0.974 0.408 1.026 0.502 backward
11.560 9 0.967 0.410 1.019 0.502 backward
11.600 9 0.958 0.408 1.009 0.500 backward
11.640 9 0.951 0.410 1.002 0.502 backward
11.680 9 0.943 0.408 0.995 0.502 backward
11.720 9 0.936 0.408 0.987 0.500 backward
11.760 9 0.928 0.408 0.979 0.500 backward
11.800 9 0.918 0.408 0.970 0.500 backward
11.840 9 0.909 0.408 0.960 0.500 backward
11.880 9 0.901 0.408 0.952 0.500 backward
11.920 9 0.893 0.408 0.943 0.500 backward
11.960 9 0.883 0.408 0.935 0.500 backward
12.000 9 0.876 0.406 0.928 0.500 backward
12.040 9 0.867 0.408 0.918 0.500 backward
12.080 9 0.860 0.406 0.911 0.498 backward
12.120 9 0.852 0.408 0.903 0.500 backward
12.160 9 0.842 0.406 0.894 0.498 backward
12.200 9 0.835 0.408 0.887 0.500 backward
12.240 9 0.828 0.406 0.880 0.498 backward
12.280 9 0.820 0.408 0.873 0.500 backward
12.320 9 0.813 0.406 0.864 0.500 backward
12.360 9 0.806 0.408 0.859 0.500 backward
12.400 9 0.800 0.406 0.852 0.500 backward
12.440 9 0.794 0.408 0.846 0.500 backward
12.480 9 0.789 0.410 0.839 0.500 backward
12.520 9 0.783 0.408 0.834 0.500 backward
12.560 9 0.777 0.410 0.827 0.500 backward
12.600 9 0.772 0.410 0.822 0.498 backward
12.640 9 0.768 0.410 0.817 0.500 backward
12.680 9 0.763 0.412 0.812 0.500 backward
12.720 9 0.757 0.410 0.807 0.500 backward
12.760 9 0.755 0.412 0.803 0.500 backward
12.800 9 0.752 0.415 0.800 0.500 backward
12.840 9 0.749 0.412 0.797 0.498 backward
12.880 9 0.745 0.412 0.792 0.496 backward
12.920 9 0.742 0.415 0.790 0.500 backward
12.960 9 0.739 0.412 0.787 0.500 backward
13.000 9 0.738 0.415 0.785 0.500 backward
13.040 9 0.735 0.412 0.783 0.500 backward
13.080 9 0.734 0.415 0.782 0.500 backward
13.120 9 0.730 0.412 0.779 0.500 backward
13.160 9 0.729 0.417 0.777 0.502 backward
13.200 9 0.727 0.415 0.775 0.500 backward
13.240 9 0.725 0.415 0.773 0.500 backward
13.280 9 0.723 0.417 0.771 0.502 backward
13.320 9 0.722 0.417 0.770 0.502 backward
13.360 9 0.720 0.415 0.769 0.502 backward
13.400 9 0.716 0.412 0.768 0.504 backward
13.440 9 0.715 0.415 0.765 0.504 detection
13.480 9 0.714 0.417 0.763 0.504 forward
13.520 9 0.713 0.415 0.763 0.504 forward
13.560 9 0.710 0.415 0.761 0.504 forward
13.600 9 0.709 0.417 0.759 0.504 forward
13.640 9 0.709 0.415 0.759 0.504 forward
13.680 9 0.707 0.412 0.758 0.504 forward
13.720 9 0.706 0.415 0.757 0.506 forward
11.560 10 0.197 0.165 0.238 0.240 backward
11.600 10 0.196 0.165 0.238 0.237 backward
11.640 10 0.194 0.163 0.235 0.235 backward
11.680 10 0.194 0.160 0.234 0.231 backward
11.720 10 0.194 0.158 0.234 0.229 backward
11.760 10 0.193 0.154 0.234 0.227 backward
11.800 10 0.190 0.152 0.231 0.225 backward
11.840 10 0.188 0.150 0.228 0.223 backward
11.880 10 0.185 0.150 0.225 0.223 backward
11.920 10 0.181 0.148 0.222 0.221 backward
11.960 10 0.178 0.148 0.220 0.221 backward
12.000 10 0.174 0.146 0.216 0.221 detection
12.040 10 0.171 0.146 0.213 0.219 forward+backward
12.080 10 0.167 0.146 0.209 0.221 forward+backward
12.120 10 0.164 0.148 0.206 0.223 forward+backward
12.160 10 0.159 0.148 0.201 0.223 backward
12.200 10 0.155 0.148 0.199 0.223 backward
12.240 10 0.152 0.148 0.195 0.223 backward
12.280 10 0.148 0.148 0.190 0.223 backward
12.320 10 0.145 0.146 0.187 0.221 backward
12.360 10 0.141 0.146 0.183 0.221 backward
12.400 10 0.139 0.142 0.182 0.219 backward
12.440 10 0.137 0.140 0.179 0.215 backward
12.480 10 0.137 0.138 0.179 0.212 detection
12.520 10 0.138 0.135 0.178 0.208 forward+backward
12.560 10 0.139 0.135 0.180 0.208 forward+backward
12.600 10 0.141 0.135 0.182 0.208 forward+backward
12.640 10 0.145 0.135 0.186 0.208 forward+backward
12.680 10 0.147 0.138 0.188 0.210 forward+backward
12.720 10 0.151 0.140 0.192 0.215 forward+backward
12.760 10 0.154 0.142 0.196 0.215 forward+backward
12.800 10 0.158 0.144 0.200 0.217 forward+backward
12.840 10 0.164 0.144 0.206 0.219 forward+backward
12.880 10 0.168 0.142 0.210 0.219 forward+backward
12.920 10 0.174 0.140 0.216 0.215 forward+backward
12.960 10 0.179 0.138 0.221 0.212 detection
13.000 10 0.181 0.135 0.224 0.210 forward+backward
13.040 10 0.187 0.133 0.229 0.208 forward+backward
13.080 10 0.190 0.129 0.234 0.206 forward+backward
13.120 10 0.195 0.129 0.238 0.204 forward+backward
13.160 10 0.200 0.127 0.242 0.204 forward+backward
13.200 10 0.203 0.129 0.245 0.204 forward+backward
13.240 10 0.207 0.131 0.249 0.206 forward+backward
13.280 10 0.210 0.133 0.252 0.208 forward+backward
13.320 10 0.213 0.135 0.255 0.208 forward+backward
13.360 10 0.215 0.138 0.257 0.212 forward+backward
13.400 10 0.217 0.138 0.259 0.212 forward+backward
13.440 10 0.216 0.138 0.258 0.212 detection
13.480 10 0.217 0.133 0.261 0.210 forward
13.520 10 0.220 0.131 0.263 0.208 forward
13.560 10 0.222 0.129 0.265 0.206 forward
13.600 10 0.224 0.127 0.268 0.204 forward
13.640 10 0.227 0.127 0.270 0.204 forward
13.680 10 0.229 0.125 0.272 0.204 forward
13.720 10 0.230 0.125 0.276 0.204 forward
13.760 11 0.417 0.294 0.512 0.463 backward
13.800 11 0.419 0.292 0.518 0.467 backward
13.840 11 0.414 0.287 0.513 0.467 backward
13.880 11 0.414 0.283 0.519 0.471 backward
13.920 11 0.414 0.283 0.519 0.471 detection
13.960 11 0.416 0.281 0.522 0.471 forward+backward
14.000 11 0.414 0.281 0.520 0.471 forward+backward
14.040 11 0.415 0.283 0.520 0.469 forward+backward
14.080 11 0.416 0.285 0.519 0.469 forward+backward
14.120 11 0.412 0.285 0.515 0.469 forward+backward
14.160 11 0.415 0.285 0.519 0.469 forward+backward
14.200 11 0.412 0.285 0.515 0.467 forward+backward
14.240 11 0.414 0.285 0.515 0.467 forward+backward
14.280 11 0.414 0.283 0.518 0.469 forward+backward
14.320 11 0.410 0.283 0.514 0.469 forward+backward
14.360 11 0.415 0.283 0.519 0.469 forward+backward
14.400 11 0.414 0.283 0.519 0.471 detection
14.440 11 0.415 0.283 0.521 0.471 forward+backward
14.480 11 0.414 0.283 0.519 0.471 forward+backward
14.520 11 0.415 0.285 0.520 0.471 forward+backward
14.560 11 0.416 0.285 0.521 0.473 forward+backward
14.600 11 0.415 0.285 0.519 0.471 forward+backward
14.640 11 0.415 0.285 0.519 0.471 forward+backward
14.680 11 0.415 0.285 0.519 0.471 forward+backward
14.720 11 0.415 0.287 0.516 0.471 forward+backward
14.760 11 0.417 0.287 0.519 0.469 forward+backward
14.800 11 0.415 0.287 0.519 0.471 forward+backward
14.840 11 0.414 0.287 0.516 0.471 forward+backward
14.880 11 0.414 0.283 0.519 0.471 detection
14.920 11 0.412 0.285 0.516 0.471 forward+backward
14.960 11 0.414 0.283 0.519 0.471 forward+backward
15.000 11 0.414 0.283 0.519 0.471 forward+backward
15.040 11 0.412 0.281 0.519 0.471 forward+backward
15.080 11 0.415 0.283 0.519 0.469 forward+backward
15.120 11 0.412 0.283 0.518 0.471 forward+backward
15.160 11 0.414 0.281 0.521 0.473 forward+backward
15.200 11 0.414 0.283 0.519 0.471 forward+backward
15.240 11 0.416 0.285 0.520 0.471 forward+backward
15.280 11 0.410 0.281 0.518 0.473 forward+backward
15.320 11 0.415 0.283 0.520 0.471 forward+backward
15.360 11 0.414 0.283 0.519 0.471 detection
15.400 11 0.416 0.283 0.521 0.471 forward
15.440 11 0.411 0.283 0.516 0.471 forward
15.480 11 0.417 0.290 0.518 0.469 forward
15.520 11 0.414 0.283 0.519 0.471 forward
15.560 11 0.414 0.283 0.519 0.471 forward
15.600 11 0.414 0.283 0.519 0.471 forward
15.640 11 0.411 0.285 0.514 0.469 forward
15.680 11 0.417 0.287 0.519 0.467 forward
15.720 11 0.414 0.285 0.515 0.465 forward
15.760 11 0.412 0.283 0.518 0.471 forward
15.800 12 0.433 0.206 0.485 0.298 backward
15.840 12 0.433 0.204 0.485 0.296 detection
15.880 12 0.435 0.202 0.487 0.296 forward
15.920 12 0.433 0.202 0.486 0.296 forward
15.960 12 0.433 0.202 0.486 0.296 forward
16.000 12 0.433 0.202 0.487 0.296 forward
16.040 12 0.435 0.202 0.487 0.298 forward
16.080 12 0.437 0.202 0.491 0.298 forward
16.120 12 0.437 0.202 0.491 0.300 forward
15.800 13 0.286 0.148 0.336 0.237 backward
15.840 13 0.289 0.146 0.339 0.235 detection
15.880 13 0.291 0.144 0.342 0.235 forward
15.920 13 0.292 0.144 0.343 0.235 forward
15.960 13 0.294 0.144 0.345 0.233 forward
16.040 13 0.301 0.142 0.343 0.217 backward
16.080 13 0.304 0.142 0.346 0.217 backward
16.120 13 0.305 0.140 0.347 0.215 backward
16.160 13 0.306 0.140 0.348 0.215 backward
16.200 13 0.307 0.140 0.349 0.215 backward
16.240 13 0.308 0.140 0.350 0.215 backward
16.280 13 0.308 0.138 0.350 0.212 backward
16.320 13 0.310 0.138 0.352 0.212 detection
16.360 13 0.310 0.133 0.352 0.208 forward+backward
16.400 13 0.311 0.131 0.353 0.208 forward+backward
16.440 13 0.312 0.131 0.354 0.206 forward+backward
16.480 13 0.312 0.131 0.354 0.206 forward+backward
16.520 13 0.313 0.129 0.355 0.204 forward+backward
16.560 13 0.313 0.129 0.355 0.204 forward+backward
16.600 13 0.313 0.129 0.355 0.202 forward+backward
16.640 13 0.314 0.129 0.355 0.202 forward+backward
16.680 13 0.314 0.129 0.356 0.202 forward+backward
16.720 13 0.314 0.131 0.356 0.204 forward+backward
16.760 13 0.315 0.131 0.356 0.204 forward+backward
16.800 13 0.314 0.129 0.356 0.204 detection
16.840 13 0.315 0.131 0.357 0.206 forward+backward
16.880 13 0.315 0.133 0.357 0.208 forward+backward
16.920 13 0.317 0.133 0.359 0.210 forward+backward
16.960 13 0.315 0.135 0.359 0.210 forward+backward
17.000 13 0.317 0.135 0.360 0.212 forward+backward
17.040 13 0.317 0.138 0.360 0.212 forward+backward
17.080 13 0.319 0.138 0.360 0.212 forward+backward
17.120 13 0.319 0.140 0.360 0.212 forward+backward
17.160 13 0.319 0.142 0.360 0.215 forward+backward
17.200 13 0.319 0.142 0.360 0.217 forward+backward
17.240 13 0.319 0.144 0.360 0.219 forward+backward
17.280 13 0.319 0.146 0.361 0.221 detection
17.320 13 0.320 0.148 0.362 0.221 forward+backward
17.360 13 0.319 0.148 0.361 0.221 forward+backward
17.400 13 0.319 0.146 0.361 0.221 forward+backward
17.440 13 0.319 0.146 0.361 0.221 forward+backward
17.480 13 0.319 0.146 0.361 0.221 forward+backward
17.520 13 0.319 0.146 0.360 0.219 forward+backward
17.560 13 0.320 0.146 0.361 0.219 forward+backward
17.600 13 0.319 0.146 0.361 0.219 forward+backward
17.640 13 0.319 0.144 0.361 0.219 forward+backward
17.680 13 0.320 0.144 0.362 0.221 forward+backward
17.720 13 0.318 0.144 0.360 0.221 forward+backward
17.760 13 0.319 0.146 0.361 0.221 detection
17.800 13 0.318 0.144 0.360 0.219 forward+backward
17.840 13 0.319 0.144 0.360 0.219 forward+backward
17.880 13 0.318 0.146 0.359 0.217 forward+backward
17.920 13 0.318 0.144 0.359 0.219 forward+backward
17.960 13 0.318 0.144 0.359 0.219 forward+backward
18.000 13 0.317 0.144 0.359 0.219 forward+backward
18.040 13 0.317 0.142 0.359 0.219 forward+backward
18.080 13 0.317 0.142 0.359 0.217 forward+backward
18.120 13 0.315 0.142 0.359 0.217 forward+backward
18.160 13 0.315 0.140 0.359 0.217 forward+backward
18.200 13 0.315 0.140 0.359 0.217 forward+backward
18.240 13 0.314 0.138 0.356 0.212 detection
18.280 13 0.312 0.138 0.355 0.215 forward+backward
18.320 13 0.312 0.140 0.355 0.217 forward+backward
18.360 13 0.312 0.140 0.354 0.215 forward+backward
18.400 13 0.311 0.140 0.353 0.215 forward+backward
18.440 13 0.311 0.140 0.353 0.215 forward+backward
18.480 13 0.310 0.140 0.352 0.212 forward+backward
18.520 13 0.311 0.138 0.353 0.212 forward+backward
18.560 13 0.308 0.138 0.352 0.212 forward+backward
18.600 13 0.310 0.135 0.353 0.212 forward+backward
18.640 13 0.310 0.135 0.352 0.210 forward+backward
18.680 13 0.310 0.135 0.353 0.210 forward+backward
18.720 13 0.310 0.138 0.352 0.212 detection
18.760 13 0.311 0.138 0.353 0.212 forward+backward
18.800 13 0.312 0.138 0.354 0.212 forward+backward
18.840 13 0.312 0.138 0.354 0.212 forward+backward
18.880 13 0.312 0.138 0.354 0.212 forward+backward
18.920 13 0.312 0.138 0.355 0.212 forward+backward
18.960 13 0.313 0.138 0.355 0.212 forward+backward
19.000 13 0.313 0.138 0.354 0.212 forward+backward
19.040 13 0.314 0.138 0.356 0.212 forward+backward
19.080 13 0.313 0.138 0.355 0.212 forward+backward
19.120 13 0.314 0.140 0.355 0.212 forward+backward
19.160 13 0.314 0.138 0.355 0.212 forward+backward
19.200 13 0.314 0.138 0.356 0.212 detection
19.240 13 0.313 0.138 0.354 0.212 forward+backward
19.280 13 0.313 0.138 0.355 0.212 forward+backward
19.320 13 0.313 0.138 0.355 0.212 forward+backward
19.360 13 0.312 0.138 0.354 0.212 forward+backward
19.400 13 0.312 0.138 0.354 0.212 forward+backward
19.440 13 0.311 0.138 0.354 0.212 forward+backward
19.480 13 0.312 0.138 0.355 0.215 forward+backward
19.520 13 0.311 0.138 0.353 0.212 forward+backward
19.560 13 0.312 0.138 0.355 0.212 forward+backward
19.600 13 0.312 0.138 0.353 0.210 forward+backward
19.640 13 0.312 0.138 0.353 0.212 forward+backward
19.680 13 0.310 0.138 0.352 0.212 detection
15.800 14 0.011 0.156 0.053 0.229 backward
15.840 14 0.011 0.154 0.053 0.229 backward
15.880 14 0.011 0.154 0.053 0.229 backward
15.920 14 0.011 0.154 0.053 0.229 backward
15.960 14 0.012 0.156 0.053 0.229 backward
16.000 14 0.011 0.154 0.051 0.229 backward
16.040 14 0.012 0.156 0.054 0.229 backward
16.080 14 0.009 0.154 0.051 0.229 backward
16.120 14 0.012 0.156 0.054 0.229 backward
16.160 14 0.009 0.154 0.051 0.229 backward
16.200 14 0.012 0.154 0.054 0.229 backward
16.240 14 0.009 0.154 0.051 0.229 backward
16.280 14 0.011 0.154 0.053 0.229 backward
16.320 14 0.009 0.154 0.051 0.229 backward
16.360 14 0.012 0.156 0.054 0.229 backward
16.400 14 0.009 0.154 0.051 0.229 backward
16.440 14 0.012 0.154 0.054 0.229 backward
16.480 14 0.011 0.154 0.053 0.229 backward
16.520 14 0.011 0.154 0.053 0.229 backward
16.560 14 0.011 0.154 0.053 0.229 backward
16.600 14 0.011 0.154 0.053 0.229 backward
16.640 14 0.009 0.154 0.051 0.229 backward
16.680 14 0.011 0.154 0.053 0.229 backward
16.720 14 0.011 0.154 0.053 0.229 backward
16.760 14 0.011 0.154 0.053 0.229 backward
16.800 14 0.011 0.154 0.053 0.229 detection
16.840 14 0.011 0.154 0.053 0.229 forward+backward
16.880 14 0.011 0.154 0.053 0.229 forward+backward
16.920 14 0.011 0.154 0.053 0.229 forward+backward
16.960 14 0.011 0.154 0.053 0.229 forward+backward
17.000 14 0.011 0.154 0.053 0.229 forward+backward
17.040 14 0.011 0.154 0.053 0.229 forward+backward
17.080 14 0.011 0.154 0.053 0.229 forward+backward
17.120 14 0.011 0.154 0.053 0.229 forward+backward
17.160 14 0.011 0.154 0.053 0.229 forward+backward
17.200 14 0.011 0.154 0.053 0.229 forward+backward
17.240 14 0.011 0.154 0.053 0.229 forward+backward
17.280 14 0.011 0.154 0.053 0.229 detection
17.320 14 0.011 0.154 0.053 0.229 forward+backward
17.360 14 0.011 0.154 0.053 0.229 forward+backward
17.400 14 0.011 0.154 0.053 0.229 forward+backward
17.440 14 0.011 0.154 0.053 0.229 forward+backward
17.480 14 0.011 0.154 0.053 0.229 forward+backward
17.520 14 0.011 0.154 0.053 0.229 forward+backward
17.560 14 0.011 0.154 0.053 0.229 forward+backward
17.600 14 0.011 0.154 0.053 0.229 forward+backward
17.640 14 0.009 0.154 0.053 0.229 forward+backward
17.680 14 0.011 0.154 0.054 0.229 forward+backward
17.720 14 0.011 0.154 0.053 0.229 forward+backward
17.760 14 0.009 0.152 0.053 0.229 forward+backward
17.800 14 0.011 0.154 0.054 0.229 forward+backward
17.840 14 0.009 0.154 0.053 0.229 forward+backward
17.880 14 0.011 0.154 0.054 0.229 forward+backward
17.920 14 0.009 0.152 0.053 0.229 forward+backward
17.960 14 0.011 0.154 0.053 0.229 forward+backward
18.000 14 0.009 0.154 0.053 0.229 forward+backward
18.040 14 0.011 0.154 0.053 0.229 forward+backward
18.080 14 0.009 0.152 0.051 0.229 forward+backward
18.120 14 0.011 0.154 0.053 0.229 forward+backward
18.160 14 0.009 0.154 0.051 0.229 forward+backward
18.200 14 0.011 0.154 0.053 0.229 forward+backward
18.240 14 0.011 0.154 0.053 0.229 forward+backward
18.280 14 0.011 0.154 0.053 0.229 forward+backward
18.320 14 0.011 0.154 0.053 0.229 forward+backward
18.360 14 0.011 0.154 0.053 0.229 forward+backward
18.400 14 0.009 0.154 0.051 0.229 forward+backward
18.440 14 0.011 0.154 0.053 0.229 forward+backward
18.480 14 0.009 0.154 0.051 0.229 forward+backward
18.520 14 0.011 0.154 0.053 0.229 forward+backward
18.560 14 0.009 0.154 0.053 0.229 forward+backward
18.600 14 0.011 0.154 0.053 0.229 forward+backward
18.640 14 0.011 0.154 0.053 0.229 forward+backward
18.680 14 0.011 0.154 0.053 0.229 forward+backward
18.720 14 0.011 0.154 0.053 0.229 forward+backward
18.760 14 0.011 0.154 0.053 0.229 forward+backward
18.800 14 0.011 0.154 0.053 0.229 forward+backward
18.840 14 0.011 0.154 0.053 0.229 forward+backward
18.880 14 0.011 0.154 0.053 0.229 forward+backward
18.920 14 0.011 0.152 0.053 0.229 forward+backward
18.960 14 0.009 0.152 0.053 0.229 forward+backward
19.000 14 0.011 0.154 0.053 0.229 forward+backward
19.040 14 0.009 0.154 0.053 0.229 forward+backward
19.080 14 0.011 0.154 0.053 0.229 forward+backward
19.120 14 0.011 0.154 0.053 0.229 forward+backward
19.160 14 0.011 0.154 0.053 0.229 forward+backward
19.200 14 0.011 0.154 0.053 0.229 detection
19.240 14 0.011 0.154 0.053 0.229 forward+backward
19.280 14 0.011 0.154 0.053 0.229 forward+backward
19.320 14 0.009 0.154 0.053 0.229 forward+backward
19.360 14 0.011 0.154 0.054 0.229 forward+backward
19.400 14 0.011 0.154 0.053 0.229 forward+backward
19.440 14 0.011 0.154 0.053 0.229 forward+backward
19.480 14 0.011 0.154 0.054 0.229 forward+backward
19.520 14 0.011 0.154 0.053 0.229 forward+backward
19.560 14 0.011 0.154 0.053 0.229 forward+backward
19.600 14 0.009 0.154 0.053 0.229 forward+backward
19.640 14 0.011 0.154 0.053 0.229 forward+backward
19.680 14 0.011 0.154 0.053 0.229 detection
15.800 15 0.686 0.415 0.736 0.504 backward
15.840 15 0.687 0.415 0.736 0.504 backward
15.880 15 0.687 0.415 0.736 0.504 backward
15.920 15 0.687 0.417 0.736 0.504 backward
15.960 15 0.686 0.415 0.735 0.504 backward
16.000 15 0.688 0.415 0.737 0.504 backward
16.040 15 0.686 0.415 0.736 0.504 backward
16.080 15 0.686 0.415 0.736 0.504 backward
16.120 15 0.686 0.415 0.736 0.504 backward
16.160 15 0.688 0.415 0.737 0.504 backward
16.200 15 0.686 0.415 0.736 0.504 backward
16.240 15 0.686 0.415 0.736 0.504 backward
16.280 15 0.686 0.415 0.736 0.504 backward
16.320 15 0.686 0.415 0.736 0.504 backward
16.360 15 0.686 0.415 0.736 0.504 backward
16.400 15 0.686 0.415 0.736 0.504 backward
16.440 15 0.687 0.415 0.736 0.504 backward
16.480 15 0.687 0.415 0.736 0.504 backward
16.520 15 0.687 0.415 0.736 0.504 backward
16.560 15 0.687 0.415 0.736 0.504 backward
16.600 15 0.687 0.415 0.736 0.504 backward
16.640 15 0.687 0.415 0.736 0.504 backward
16.680 15 0.687 0.417 0.736 0.504 backward
16.720 15 0.687 0.417 0.736 0.504 backward
16.760 15 0.687 0.417 0.736 0.504 backward
16.800 15 0.687 0.417 0.736 0.504 backward
16.840 15 0.687 0.417 0.736 0.504 backward
16.880 15 0.687 0.417 0.736 0.504 backward
16.920 15 0.687 0.417 0.736 0.504 backward
16.960 15 0.687 0.417 0.736 0.504 backward
17.000 15 0.687 0.417 0.736 0.504 backward
17.040 15 0.687 0.417 0.736 0.504 backward
17.080 15 0.686 0.417 0.735 0.504 backward
17.120 15 0.687 0.415 0.737 0.504 backward
17.160 15 0.686 0.412 0.737 0.504 backward
17.200 15 0.688 0.415 0.738 0.504 backward
17.240 15 0.686 0.415 0.736 0.504 backward
17.280 15 0.687 0.415 0.737 0.504 detection
17.320 15 0.687 0.412 0.737 0.504 forward+backward
17.360 15 0.686 0.412 0.736 0.504 forward+backward
17.400 15 0.686 0.412 0.737 0.504 forward+backward
17.440 15 0.685 0.412 0.736 0.504 forward+backward
17.480 15 0.685 0.412 0.736 0.506 forward+backward
17.520 15 0.683 0.412 0.735 0.504 forward+backward
17.560 15 0.685 0.415 0.735 0.504 forward+backward
17.600 15 0.683 0.415 0.734 0.504 forward+backward
17.640 15 0.683 0.415 0.732 0.504 forward+backward
17.680 15 0.682 0.415 0.731 0.504 forward+backward
17.720 15 0.681 0.415 0.731 0.504 forward+backward
17.760 15 0.681 0.415 0.731 0.504 detection
17.800 15 0.675 0.408 0.731 0.508 forward+backward
17.840 15 0.675 0.406 0.732 0.510 forward+backward
17.880 15 0.674 0.406 0.731 0.510 forward+backward
17.920 15 0.675 0.408 0.734 0.510 forward+backward
17.960 15 0.674 0.406 0.731 0.510 forward+backward
18.000 15 0.675 0.408 0.732 0.508 forward+backward
18.040 15 0.675 0.408 0.731 0.508 forward+backward
18.080 15 0.675 0.406 0.732 0.508 forward+backward
18.120 15 0.676 0.408 0.732 0.508 forward+backward
18.160 15 0.676 0.408 0.732 0.508 forward+backward
18.200 15 0.675 0.408 0.731 0.508 forward+backward
18.240 15 0.676 0.408 0.732 0.506 forward+backward
18.280 15 0.675 0.408 0.731 0.508 forward+backward
18.320 15 0.676 0.408 0.732 0.508 forward+backward
18.360 15 0.675 0.406 0.731 0.508 forward+backward
18.400 15 0.675 0.408 0.731 0.508 forward+backward
18.440 15 0.676 0.408 0.732 0.508 forward+backward
18.480 15 0.675 0.408 0.731 0.508 forward+backward
18.520 15 0.675 0.408 0.731 0.508 forward+backward
18.560 15 0.675 0.408 0.731 0.508 forward+backward
18.600 15 0.676 0.408 0.732 0.508 forward+backward
18.640 15 0.675 0.408 0.731 0.508 forward+backward
18.680 15 0.676 0.408 0.732 0.508 forward+backward
18.720 15 0.676 0.408 0.732 0.508 forward+backward
18.760 15 0.675 0.408 0.731 0.508 forward+backward
18.800 15 0.678 0.408 0.734 0.508 forward+backward
18.840 15 0.676 0.408 0.732 0.508 forward+backward
18.880 15 0.679 0.408 0.734 0.508 forward+backward
18.920 15 0.678 0.408 0.734 0.506 forward+backward
18.960 15 0.679 0.408 0.735 0.506 forward+backward
19.000 15 0.679 0.408 0.735 0.506 forward+backward
19.040 15 0.681 0.408 0.736 0.506 forward+backward
19.080 15 0.680 0.408 0.735 0.506 forward+backward
19.120 15 0.681 0.408 0.736 0.506 forward+backward
19.160 15 0.681 0.408 0.736 0.506 forward+backward
19.200 15 0.676 0.402 0.737 0.510 detection
19.240 15 0.678 0.402 0.738 0.512 forward+backward
19.280 15 0.675 0.402 0.737 0.512 forward+backward
19.320 15 0.676 0.402 0.738 0.512 forward+backward
19.360 15 0.676 0.402 0.737 0.510 forward+backward
19.400 15 0.676 0.402 0.737 0.510 forward+backward
19.440 15 0.676 0.402 0.737 0.510 forward+backward
19.480 15 0.676 0.402 0.736 0.508 forward+backward
19.520 15 0.678 0.402 0.737 0.508 forward+backward
19.560 15 0.675 0.402 0.736 0.508 forward+backward
19.600 15 0.678 0.402 0.737 0.508 forward+backward
19.640 15 0.676 0.402 0.736 0.508 forward+backward
19.680 15 0.676 0.402 0.737 0.510 detection
16.280 16 0.461 0.188 0.513 0.279 backward
16.320 16 0.467 0.185 0.518 0.275 detection
16.360 16 0.472 0.183 0.521 0.273 forward
16.400 16 0.473 0.183 0.522 0.271 forward
17.120 17 0.460 0.219 0.508 0.304 backward
17.160 17 0.458 0.219 0.506 0.304 backward
17.200 17 0.454 0.221 0.504 0.308 backward
17.240 17 0.452 0.221 0.504 0.312 backward
17.280 17 0.451 0.225 0.501 0.315 detection
17.320 17 0.446 0.225 0.498 0.317 forward
17.360 17 0.450 0.233 0.498 0.319 backward
17.400 17 0.446 0.233 0.494 0.321 backward
17.440 17 0.445 0.235 0.492 0.323 backward
17.480 17 0.445 0.235 0.493 0.323 backward
17.520 17 0.446 0.237 0.494 0.323 backward
17.560 17 0.449 0.237 0.496 0.325 backward
17.600 17 0.452 0.242 0.500 0.329 backward
17.640 17 0.457 0.246 0.505 0.333 backward
17.680 17 0.463 0.248 0.511 0.338 backward
17.720 17 0.470 0.252 0.519 0.340 backward
17.760 17 0.477 0.256 0.525 0.344 backward
17.800 17 0.482 0.258 0.532 0.346 backward
17.840 17 0.489 0.256 0.539 0.344 backward
17.880 17 0.494 0.256 0.543 0.346 backward
17.920 17 0.500 0.256 0.549 0.346 backward
17.960 17 0.504 0.254 0.553 0.344 backward
18.000 17 0.506 0.254 0.555 0.344 backward
18.040 17 0.508 0.254 0.557 0.344 backward
18.080 17 0.511 0.250 0.560 0.340 backward
18.120 17 0.511 0.248 0.561 0.340 backward
18.160 17 0.513 0.248 0.562 0.338 backward
18.200 17 0.513 0.248 0.563 0.340 backward
18.240 17 0.514 0.250 0.563 0.340 backward
18.280 17 0.514 0.250 0.564 0.342 backward
18.320 17 0.513 0.252 0.563 0.344 backward
18.360 17 0.515 0.252 0.565 0.344 backward
18.400 17 0.514 0.252 0.564 0.344 backward
18.440 17 0.515 0.252 0.565 0.344 backward
18.480 17 0.514 0.252 0.564 0.344 backward
18.520 17 0.515 0.252 0.565 0.344 backward
18.560 17 0.514 0.254 0.564 0.346 backward
18.600 17 0.514 0.252 0.565 0.346 backward
18.640 17 0.513 0.254 0.563 0.346 backward
18.680 17 0.514 0.254 0.564 0.346 backward
18.720 17 0.513 0.254 0.563 0.346 detection
18.760 17 0.515 0.263 0.562 0.346 forward+backward
18.800 17 0.516 0.263 0.563 0.348 forward+backward
18.840 17 0.515 0.263 0.562 0.348 forward+backward
18.880 17 0.515 0.263 0.563 0.348 forward+backward
18.920 17 0.515 0.263 0.562 0.346 forward+backward
18.960 17 0.516 0.263 0.563 0.348 forward+backward
19.000 17 0.516 0.265 0.563 0.348 forward+backward
19.040 17 0.518 0.263 0.564 0.348 forward+backward
19.080 17 0.516 0.263 0.564 0.348 forward+backward
19.120 17 0.518 0.263 0.564 0.348 forward+backward
19.160 17 0.515 0.263 0.563 0.348 forward+backward
19.200 17 0.520 0.271 0.562 0.346 detection
19.240 17 0.519 0.271 0.561 0.346 forward+backward
19.280 17 0.519 0.269 0.562 0.346 forward+backward
19.320 17 0.519 0.271 0.561 0.346 forward+backward
19.360 17 0.519 0.273 0.561 0.348 forward+backward
19.400 17 0.520 0.275 0.562 0.350 forward+backward
19.440 17 0.520 0.277 0.562 0.352 forward+backward
19.480 17 0.521 0.279 0.563 0.352 forward+backward
19.520 17 0.521 0.279 0.563 0.354 forward+backward
19.560 17 0.522 0.281 0.564 0.356 forward+backward
19.600 17 0.523 0.281 0.565 0.356 forward+backward
19.640 17 0.526 0.287 0.567 0.362 forward+backward
19.680 17 0.525 0.287 0.567 0.362 detection
